 best: [[0, 0, 0, 1, 1, 1, 0, 0, 0, 1], [0.3094734848678835, 0.38131991205816795, 0.6605957632919249, 0.8018460115881205], [[11, 8, 26, 23, 24, 3, 7, 22, 10, 9, 20, 15, 14, 18, 6], [4, 0, 16, 21, 27, 19, 1, 5, 2, 17, 12, 13, 25, 28, 29], [], []]]
  best_features: [4, 7.5]
  best_fitness: (-1.7899999999999998,)
  best_index: (4, 3)